[General]
Date: 	Thu, 28 Sep 2023
Time: 	11:41 AM


[Parameters]
[XZ PL image with scanned objective]
Scan centre (um):	100.000000	100.000000	108.000000
Scan range (um):	50.000000	50.000000	20.000000
# of pixels:	50.000000	50.000000	50.000000
Pixel time (s):	0.001000

[Data]		[PL Counts/s]	[PL Von Counts/ms]	[PL Voff Counts/ms]
8000.000000	9000.000000	9000.000000	7000.000000	6000.000000	4000.000000	10000.000000	9000.000000	7000.000000	7000.000000	9000.000000	8000.000000	12000.000000	10000.000000	7000.000000	11000.000000	11000.000000	10000.000000	13000.000000	8000.000000	10000.000000	6000.000000	9000.000000	9000.000000	12000.000000	11000.000000	11000.000000	12000.000000	6000.000000	8000.000000	8000.000000	10000.000000	7000.000000	10000.000000	6000.000000	4000.000000	12000.000000	9000.000000	7000.000000	10000.000000	8000.000000	5000.000000	7000.000000	9000.000000	8000.000000	10000.000000	9000.000000	7000.000000	14000.000000	8000.000000
0.000000	8000.000000	10000.000000	8000.000000	9000.000000	6000.000000	8000.000000	6000.000000	6000.000000	15000.000000	6000.000000	8000.000000	12000.000000	8000.000000	9000.000000	8000.000000	10000.000000	11000.000000	4000.000000	9000.000000	8000.000000	14000.000000	9000.000000	11000.000000	7000.000000	6000.000000	9000.000000	7000.000000	8000.000000	8000.000000	15000.000000	8000.000000	11000.000000	19000.000000	6000.000000	7000.000000	15000.000000	12000.000000	9000.000000	12000.000000	9000.000000	9000.000000	10000.000000	20000.000000	9000.000000	2000.000000	12000.000000	11000.000000	10000.000000	5000.000000
10000.000000	8000.000000	10000.000000	6000.000000	7000.000000	7000.000000	11000.000000	4000.000000	9000.000000	10000.000000	8000.000000	10000.000000	10000.000000	13000.000000	6000.000000	8000.000000	11000.000000	6000.000000	4000.000000	14000.000000	9000.000000	10000.000000	9000.000000	4000.000000	8000.000000	4000.000000	10000.000000	3000.000000	6000.000000	8000.000000	8000.000000	7000.000000	7000.000000	6000.000000	10000.000000	16000.000000	8000.000000	8000.000000	6000.000000	11000.000000	5000.000000	13000.000000	8000.000000	11000.000000	4000.000000	11000.000000	7000.000000	19000.000000	7000.000000	12000.000000
4000.000000	8000.000000	5000.000000	6000.000000	7000.000000	11000.000000	10000.000000	6000.000000	4000.000000	4000.000000	5000.000000	5000.000000	8000.000000	10000.000000	4000.000000	12000.000000	12000.000000	12000.000000	5000.000000	6000.000000	8000.000000	11000.000000	10000.000000	10000.000000	13000.000000	13000.000000	7000.000000	10000.000000	6000.000000	5000.000000	11000.000000	6000.000000	10000.000000	7000.000000	9000.000000	16000.000000	12000.000000	9000.000000	15000.000000	13000.000000	14000.000000	9000.000000	7000.000000	16000.000000	6000.000000	15000.000000	4000.000000	6000.000000	6000.000000	9000.000000
8000.000000	8000.000000	4000.000000	6000.000000	8000.000000	3000.000000	5000.000000	5000.000000	7000.000000	12000.000000	9000.000000	8000.000000	8000.000000	10000.000000	7000.000000	10000.000000	8000.000000	13000.000000	8000.000000	11000.000000	9000.000000	12000.000000	7000.000000	11000.000000	9000.000000	10000.000000	17000.000000	9000.000000	9000.000000	5000.000000	9000.000000	7000.000000	7000.000000	9000.000000	9000.000000	7000.000000	11000.000000	9000.000000	8000.000000	12000.000000	12000.000000	8000.000000	9000.000000	12000.000000	11000.000000	9000.000000	3000.000000	8000.000000	11000.000000	16000.000000
12000.000000	4000.000000	6000.000000	9000.000000	14000.000000	11000.000000	5000.000000	4000.000000	8000.000000	8000.000000	10000.000000	9000.000000	11000.000000	11000.000000	7000.000000	12000.000000	10000.000000	7000.000000	7000.000000	13000.000000	7000.000000	9000.000000	11000.000000	12000.000000	13000.000000	12000.000000	15000.000000	9000.000000	10000.000000	11000.000000	20000.000000	10000.000000	12000.000000	20000.000000	7000.000000	11000.000000	12000.000000	12000.000000	13000.000000	11000.000000	9000.000000	10000.000000	13000.000000	8000.000000	11000.000000	7000.000000	9000.000000	11000.000000	9000.000000	11000.000000
6000.000000	12000.000000	9000.000000	10000.000000	6000.000000	13000.000000	8000.000000	18000.000000	7000.000000	8000.000000	9000.000000	6000.000000	10000.000000	11000.000000	16000.000000	8000.000000	15000.000000	15000.000000	11000.000000	16000.000000	12000.000000	13000.000000	12000.000000	17000.000000	23000.000000	13000.000000	16000.000000	19000.000000	12000.000000	17000.000000	17000.000000	18000.000000	8000.000000	16000.000000	9000.000000	10000.000000	12000.000000	14000.000000	17000.000000	10000.000000	10000.000000	4000.000000	11000.000000	8000.000000	8000.000000	6000.000000	13000.000000	14000.000000	4000.000000	8000.000000
8000.000000	16000.000000	7000.000000	9000.000000	5000.000000	12000.000000	13000.000000	10000.000000	9000.000000	11000.000000	10000.000000	11000.000000	12000.000000	19000.000000	7000.000000	16000.000000	15000.000000	15000.000000	12000.000000	5000.000000	20000.000000	13000.000000	16000.000000	12000.000000	15000.000000	22000.000000	17000.000000	18000.000000	17000.000000	15000.000000	23000.000000	11000.000000	10000.000000	18000.000000	14000.000000	16000.000000	15000.000000	12000.000000	12000.000000	12000.000000	8000.000000	11000.000000	6000.000000	9000.000000	13000.000000	15000.000000	15000.000000	12000.000000	4000.000000	10000.000000
8000.000000	11000.000000	11000.000000	8000.000000	6000.000000	6000.000000	8000.000000	12000.000000	8000.000000	8000.000000	14000.000000	8000.000000	14000.000000	22000.000000	16000.000000	10000.000000	20000.000000	12000.000000	25000.000000	18000.000000	24000.000000	23000.000000	27000.000000	21000.000000	19000.000000	22000.000000	13000.000000	22000.000000	16000.000000	23000.000000	20000.000000	13000.000000	15000.000000	10000.000000	19000.000000	11000.000000	15000.000000	16000.000000	11000.000000	22000.000000	12000.000000	11000.000000	14000.000000	12000.000000	10000.000000	13000.000000	12000.000000	12000.000000	8000.000000	6000.000000
14000.000000	10000.000000	13000.000000	7000.000000	18000.000000	10000.000000	9000.000000	11000.000000	12000.000000	10000.000000	17000.000000	10000.000000	28000.000000	19000.000000	17000.000000	7000.000000	24000.000000	11000.000000	22000.000000	20000.000000	23000.000000	23000.000000	7000.000000	23000.000000	21000.000000	28000.000000	20000.000000	17000.000000	28000.000000	24000.000000	26000.000000	17000.000000	19000.000000	12000.000000	16000.000000	14000.000000	19000.000000	14000.000000	17000.000000	10000.000000	9000.000000	19000.000000	16000.000000	16000.000000	11000.000000	18000.000000	10000.000000	11000.000000	19000.000000	12000.000000
6000.000000	7000.000000	10000.000000	14000.000000	6000.000000	11000.000000	12000.000000	10000.000000	7000.000000	16000.000000	13000.000000	19000.000000	15000.000000	8000.000000	27000.000000	20000.000000	18000.000000	23000.000000	28000.000000	17000.000000	13000.000000	24000.000000	26000.000000	24000.000000	22000.000000	17000.000000	29000.000000	23000.000000	19000.000000	19000.000000	16000.000000	22000.000000	25000.000000	15000.000000	16000.000000	20000.000000	33000.000000	18000.000000	19000.000000	13000.000000	13000.000000	18000.000000	8000.000000	17000.000000	15000.000000	12000.000000	13000.000000	15000.000000	17000.000000	12000.000000
3000.000000	13000.000000	12000.000000	10000.000000	9000.000000	5000.000000	15000.000000	9000.000000	15000.000000	15000.000000	12000.000000	15000.000000	14000.000000	18000.000000	20000.000000	24000.000000	15000.000000	17000.000000	26000.000000	21000.000000	14000.000000	21000.000000	18000.000000	27000.000000	23000.000000	32000.000000	31000.000000	31000.000000	24000.000000	20000.000000	16000.000000	17000.000000	15000.000000	19000.000000	21000.000000	25000.000000	24000.000000	26000.000000	26000.000000	15000.000000	15000.000000	27000.000000	12000.000000	24000.000000	20000.000000	17000.000000	19000.000000	12000.000000	15000.000000	15000.000000
9000.000000	15000.000000	8000.000000	4000.000000	7000.000000	14000.000000	10000.000000	11000.000000	18000.000000	17000.000000	20000.000000	21000.000000	17000.000000	19000.000000	21000.000000	14000.000000	23000.000000	16000.000000	15000.000000	17000.000000	19000.000000	26000.000000	22000.000000	17000.000000	33000.000000	25000.000000	22000.000000	21000.000000	16000.000000	17000.000000	23000.000000	19000.000000	23000.000000	16000.000000	23000.000000	21000.000000	21000.000000	17000.000000	20000.000000	20000.000000	14000.000000	20000.000000	18000.000000	14000.000000	9000.000000	14000.000000	16000.000000	11000.000000	7000.000000	18000.000000
7000.000000	8000.000000	8000.000000	9000.000000	11000.000000	14000.000000	12000.000000	8000.000000	6000.000000	14000.000000	14000.000000	13000.000000	27000.000000	20000.000000	14000.000000	26000.000000	15000.000000	23000.000000	15000.000000	15000.000000	13000.000000	20000.000000	25000.000000	17000.000000	13000.000000	17000.000000	8000.000000	17000.000000	20000.000000	15000.000000	20000.000000	18000.000000	17000.000000	11000.000000	14000.000000	22000.000000	18000.000000	18000.000000	16000.000000	18000.000000	19000.000000	16000.000000	15000.000000	20000.000000	16000.000000	18000.000000	9000.000000	12000.000000	17000.000000	16000.000000
12000.000000	11000.000000	10000.000000	3000.000000	8000.000000	10000.000000	12000.000000	5000.000000	9000.000000	12000.000000	10000.000000	11000.000000	13000.000000	13000.000000	16000.000000	8000.000000	18000.000000	14000.000000	15000.000000	26000.000000	20000.000000	22000.000000	14000.000000	26000.000000	23000.000000	15000.000000	18000.000000	26000.000000	13000.000000	12000.000000	12000.000000	24000.000000	21000.000000	17000.000000	22000.000000	23000.000000	17000.000000	19000.000000	17000.000000	20000.000000	10000.000000	16000.000000	11000.000000	15000.000000	13000.000000	14000.000000	8000.000000	14000.000000	12000.000000	11000.000000
6000.000000	6000.000000	6000.000000	9000.000000	13000.000000	10000.000000	14000.000000	10000.000000	11000.000000	16000.000000	16000.000000	17000.000000	20000.000000	17000.000000	16000.000000	18000.000000	20000.000000	12000.000000	21000.000000	19000.000000	16000.000000	15000.000000	19000.000000	12000.000000	20000.000000	26000.000000	22000.000000	13000.000000	17000.000000	21000.000000	14000.000000	20000.000000	15000.000000	23000.000000	15000.000000	18000.000000	10000.000000	20000.000000	16000.000000	13000.000000	19000.000000	11000.000000	11000.000000	12000.000000	20000.000000	13000.000000	11000.000000	18000.000000	18000.000000	16000.000000
11000.000000	6000.000000	8000.000000	8000.000000	4000.000000	15000.000000	9000.000000	7000.000000	15000.000000	12000.000000	15000.000000	21000.000000	17000.000000	13000.000000	13000.000000	14000.000000	20000.000000	22000.000000	22000.000000	21000.000000	25000.000000	15000.000000	15000.000000	15000.000000	18000.000000	10000.000000	21000.000000	17000.000000	21000.000000	18000.000000	29000.000000	17000.000000	15000.000000	22000.000000	18000.000000	13000.000000	7000.000000	15000.000000	11000.000000	13000.000000	14000.000000	11000.000000	22000.000000	17000.000000	12000.000000	20000.000000	13000.000000	16000.000000	10000.000000	16000.000000
11000.000000	8000.000000	5000.000000	8000.000000	7000.000000	7000.000000	5000.000000	5000.000000	13000.000000	13000.000000	11000.000000	10000.000000	19000.000000	10000.000000	13000.000000	13000.000000	18000.000000	13000.000000	27000.000000	19000.000000	18000.000000	14000.000000	8000.000000	9000.000000	22000.000000	10000.000000	18000.000000	15000.000000	14000.000000	17000.000000	11000.000000	13000.000000	21000.000000	12000.000000	17000.000000	11000.000000	17000.000000	18000.000000	18000.000000	18000.000000	7000.000000	14000.000000	6000.000000	13000.000000	11000.000000	22000.000000	10000.000000	11000.000000	10000.000000	15000.000000
6000.000000	9000.000000	6000.000000	9000.000000	5000.000000	18000.000000	13000.000000	11000.000000	8000.000000	16000.000000	8000.000000	6000.000000	14000.000000	14000.000000	10000.000000	13000.000000	13000.000000	12000.000000	13000.000000	15000.000000	16000.000000	25000.000000	15000.000000	16000.000000	21000.000000	22000.000000	26000.000000	15000.000000	7000.000000	9000.000000	9000.000000	14000.000000	19000.000000	18000.000000	13000.000000	12000.000000	13000.000000	9000.000000	11000.000000	13000.000000	17000.000000	10000.000000	13000.000000	15000.000000	12000.000000	7000.000000	9000.000000	8000.000000	6000.000000	10000.000000
5000.000000	1000.000000	5000.000000	13000.000000	8000.000000	8000.000000	7000.000000	8000.000000	12000.000000	7000.000000	12000.000000	10000.000000	6000.000000	8000.000000	15000.000000	10000.000000	13000.000000	14000.000000	13000.000000	21000.000000	24000.000000	28000.000000	15000.000000	24000.000000	12000.000000	17000.000000	13000.000000	18000.000000	17000.000000	20000.000000	15000.000000	12000.000000	18000.000000	7000.000000	8000.000000	21000.000000	12000.000000	10000.000000	14000.000000	20000.000000	16000.000000	11000.000000	14000.000000	6000.000000	17000.000000	10000.000000	7000.000000	12000.000000	11000.000000	12000.000000
10000.000000	11000.000000	10000.000000	12000.000000	9000.000000	5000.000000	8000.000000	6000.000000	6000.000000	8000.000000	15000.000000	6000.000000	13000.000000	8000.000000	12000.000000	13000.000000	9000.000000	14000.000000	18000.000000	11000.000000	12000.000000	19000.000000	5000.000000	14000.000000	14000.000000	19000.000000	18000.000000	15000.000000	21000.000000	17000.000000	7000.000000	16000.000000	16000.000000	14000.000000	19000.000000	10000.000000	11000.000000	8000.000000	10000.000000	16000.000000	7000.000000	14000.000000	10000.000000	10000.000000	12000.000000	14000.000000	12000.000000	14000.000000	7000.000000	11000.000000
9000.000000	11000.000000	7000.000000	11000.000000	7000.000000	16000.000000	7000.000000	13000.000000	12000.000000	11000.000000	13000.000000	13000.000000	14000.000000	6000.000000	20000.000000	21000.000000	17000.000000	17000.000000	14000.000000	20000.000000	14000.000000	22000.000000	20000.000000	23000.000000	17000.000000	17000.000000	20000.000000	23000.000000	24000.000000	20000.000000	12000.000000	22000.000000	29000.000000	19000.000000	19000.000000	17000.000000	17000.000000	19000.000000	20000.000000	13000.000000	9000.000000	13000.000000	17000.000000	14000.000000	12000.000000	12000.000000	11000.000000	14000.000000	11000.000000	11000.000000
11000.000000	7000.000000	12000.000000	10000.000000	8000.000000	16000.000000	13000.000000	16000.000000	15000.000000	7000.000000	16000.000000	13000.000000	6000.000000	22000.000000	28000.000000	30000.000000	16000.000000	21000.000000	18000.000000	14000.000000	30000.000000	24000.000000	22000.000000	21000.000000	31000.000000	26000.000000	24000.000000	16000.000000	22000.000000	26000.000000	16000.000000	19000.000000	22000.000000	30000.000000	19000.000000	16000.000000	23000.000000	14000.000000	20000.000000	17000.000000	16000.000000	14000.000000	14000.000000	12000.000000	16000.000000	22000.000000	12000.000000	17000.000000	19000.000000	17000.000000
11000.000000	8000.000000	10000.000000	9000.000000	12000.000000	10000.000000	11000.000000	14000.000000	15000.000000	5000.000000	14000.000000	17000.000000	21000.000000	14000.000000	22000.000000	16000.000000	27000.000000	19000.000000	24000.000000	16000.000000	22000.000000	20000.000000	20000.000000	23000.000000	18000.000000	22000.000000	24000.000000	16000.000000	22000.000000	22000.000000	24000.000000	23000.000000	16000.000000	9000.000000	16000.000000	14000.000000	9000.000000	19000.000000	11000.000000	16000.000000	16000.000000	17000.000000	12000.000000	12000.000000	14000.000000	20000.000000	17000.000000	10000.000000	14000.000000	17000.000000
10000.000000	10000.000000	7000.000000	10000.000000	6000.000000	19000.000000	9000.000000	10000.000000	11000.000000	17000.000000	13000.000000	10000.000000	15000.000000	14000.000000	21000.000000	22000.000000	11000.000000	18000.000000	22000.000000	22000.000000	27000.000000	21000.000000	24000.000000	15000.000000	13000.000000	16000.000000	16000.000000	19000.000000	18000.000000	9000.000000	13000.000000	22000.000000	21000.000000	11000.000000	24000.000000	8000.000000	8000.000000	26000.000000	20000.000000	15000.000000	15000.000000	14000.000000	14000.000000	7000.000000	14000.000000	15000.000000	19000.000000	9000.000000	12000.000000	17000.000000
8000.000000	10000.000000	7000.000000	9000.000000	12000.000000	19000.000000	17000.000000	8000.000000	8000.000000	10000.000000	10000.000000	11000.000000	12000.000000	16000.000000	15000.000000	19000.000000	20000.000000	25000.000000	21000.000000	16000.000000	18000.000000	21000.000000	16000.000000	16000.000000	18000.000000	17000.000000	19000.000000	21000.000000	11000.000000	15000.000000	16000.000000	20000.000000	11000.000000	17000.000000	19000.000000	13000.000000	20000.000000	21000.000000	13000.000000	15000.000000	13000.000000	18000.000000	15000.000000	13000.000000	10000.000000	9000.000000	8000.000000	17000.000000	21000.000000	13000.000000
11000.000000	12000.000000	10000.000000	7000.000000	10000.000000	6000.000000	8000.000000	9000.000000	13000.000000	15000.000000	12000.000000	11000.000000	16000.000000	14000.000000	18000.000000	10000.000000	18000.000000	17000.000000	15000.000000	11000.000000	18000.000000	21000.000000	31000.000000	28000.000000	17000.000000	15000.000000	15000.000000	16000.000000	19000.000000	14000.000000	23000.000000	18000.000000	25000.000000	18000.000000	25000.000000	15000.000000	13000.000000	16000.000000	8000.000000	18000.000000	17000.000000	16000.000000	17000.000000	16000.000000	16000.000000	15000.000000	17000.000000	17000.000000	13000.000000	12000.000000
6000.000000	11000.000000	13000.000000	9000.000000	9000.000000	12000.000000	11000.000000	9000.000000	18000.000000	11000.000000	12000.000000	18000.000000	16000.000000	13000.000000	14000.000000	16000.000000	16000.000000	22000.000000	24000.000000	16000.000000	27000.000000	21000.000000	25000.000000	27000.000000	19000.000000	16000.000000	15000.000000	17000.000000	22000.000000	27000.000000	14000.000000	12000.000000	17000.000000	17000.000000	12000.000000	22000.000000	10000.000000	17000.000000	15000.000000	14000.000000	18000.000000	19000.000000	19000.000000	13000.000000	15000.000000	20000.000000	10000.000000	14000.000000	14000.000000	12000.000000
9000.000000	17000.000000	8000.000000	6000.000000	16000.000000	7000.000000	17000.000000	12000.000000	14000.000000	10000.000000	11000.000000	15000.000000	16000.000000	14000.000000	18000.000000	18000.000000	18000.000000	29000.000000	19000.000000	19000.000000	27000.000000	34000.000000	36000.000000	29000.000000	23000.000000	24000.000000	27000.000000	16000.000000	16000.000000	16000.000000	16000.000000	14000.000000	17000.000000	17000.000000	15000.000000	18000.000000	17000.000000	17000.000000	17000.000000	10000.000000	19000.000000	21000.000000	18000.000000	24000.000000	8000.000000	15000.000000	16000.000000	17000.000000	6000.000000	10000.000000
13000.000000	10000.000000	11000.000000	8000.000000	8000.000000	13000.000000	18000.000000	13000.000000	9000.000000	9000.000000	13000.000000	12000.000000	12000.000000	17000.000000	21000.000000	14000.000000	22000.000000	19000.000000	12000.000000	18000.000000	16000.000000	25000.000000	22000.000000	19000.000000	28000.000000	17000.000000	26000.000000	14000.000000	18000.000000	19000.000000	18000.000000	14000.000000	19000.000000	16000.000000	14000.000000	18000.000000	10000.000000	17000.000000	17000.000000	13000.000000	21000.000000	18000.000000	19000.000000	13000.000000	9000.000000	16000.000000	13000.000000	12000.000000	25000.000000	15000.000000
13000.000000	10000.000000	15000.000000	8000.000000	14000.000000	7000.000000	9000.000000	16000.000000	10000.000000	12000.000000	15000.000000	12000.000000	15000.000000	15000.000000	21000.000000	10000.000000	24000.000000	12000.000000	23000.000000	18000.000000	10000.000000	21000.000000	18000.000000	30000.000000	21000.000000	19000.000000	27000.000000	26000.000000	15000.000000	24000.000000	15000.000000	16000.000000	15000.000000	25000.000000	17000.000000	13000.000000	20000.000000	18000.000000	12000.000000	17000.000000	20000.000000	13000.000000	21000.000000	13000.000000	13000.000000	15000.000000	12000.000000	11000.000000	12000.000000	12000.000000
7000.000000	8000.000000	7000.000000	8000.000000	10000.000000	6000.000000	9000.000000	14000.000000	11000.000000	11000.000000	14000.000000	14000.000000	19000.000000	14000.000000	18000.000000	14000.000000	24000.000000	22000.000000	21000.000000	24000.000000	28000.000000	19000.000000	20000.000000	23000.000000	23000.000000	19000.000000	22000.000000	18000.000000	23000.000000	20000.000000	21000.000000	22000.000000	15000.000000	20000.000000	21000.000000	24000.000000	12000.000000	15000.000000	15000.000000	16000.000000	21000.000000	16000.000000	18000.000000	14000.000000	18000.000000	11000.000000	12000.000000	17000.000000	12000.000000	16000.000000
10000.000000	7000.000000	13000.000000	14000.000000	14000.000000	8000.000000	15000.000000	9000.000000	13000.000000	13000.000000	13000.000000	10000.000000	13000.000000	16000.000000	10000.000000	19000.000000	22000.000000	16000.000000	22000.000000	15000.000000	20000.000000	24000.000000	21000.000000	23000.000000	15000.000000	20000.000000	26000.000000	17000.000000	18000.000000	26000.000000	13000.000000	15000.000000	17000.000000	12000.000000	21000.000000	17000.000000	12000.000000	15000.000000	17000.000000	19000.000000	21000.000000	15000.000000	15000.000000	14000.000000	15000.000000	19000.000000	19000.000000	15000.000000	15000.000000	15000.000000
8000.000000	13000.000000	14000.000000	9000.000000	11000.000000	5000.000000	6000.000000	15000.000000	11000.000000	13000.000000	9000.000000	20000.000000	13000.000000	11000.000000	16000.000000	19000.000000	20000.000000	17000.000000	21000.000000	20000.000000	15000.000000	16000.000000	14000.000000	18000.000000	19000.000000	19000.000000	15000.000000	20000.000000	16000.000000	18000.000000	16000.000000	16000.000000	13000.000000	12000.000000	19000.000000	20000.000000	16000.000000	16000.000000	16000.000000	10000.000000	17000.000000	18000.000000	13000.000000	17000.000000	10000.000000	11000.000000	10000.000000	12000.000000	13000.000000	14000.000000
9000.000000	9000.000000	8000.000000	9000.000000	6000.000000	10000.000000	14000.000000	9000.000000	9000.000000	12000.000000	13000.000000	10000.000000	18000.000000	16000.000000	12000.000000	17000.000000	15000.000000	23000.000000	24000.000000	23000.000000	16000.000000	14000.000000	19000.000000	19000.000000	22000.000000	25000.000000	19000.000000	19000.000000	20000.000000	14000.000000	15000.000000	11000.000000	24000.000000	14000.000000	11000.000000	19000.000000	12000.000000	13000.000000	12000.000000	16000.000000	21000.000000	17000.000000	11000.000000	21000.000000	7000.000000	9000.000000	14000.000000	12000.000000	13000.000000	15000.000000
7000.000000	9000.000000	4000.000000	7000.000000	5000.000000	10000.000000	9000.000000	11000.000000	12000.000000	11000.000000	20000.000000	9000.000000	11000.000000	9000.000000	15000.000000	19000.000000	18000.000000	14000.000000	33000.000000	24000.000000	15000.000000	22000.000000	15000.000000	20000.000000	20000.000000	22000.000000	21000.000000	16000.000000	25000.000000	23000.000000	23000.000000	19000.000000	20000.000000	18000.000000	23000.000000	14000.000000	15000.000000	15000.000000	24000.000000	17000.000000	19000.000000	10000.000000	15000.000000	22000.000000	12000.000000	14000.000000	16000.000000	17000.000000	10000.000000	9000.000000
11000.000000	12000.000000	9000.000000	10000.000000	9000.000000	9000.000000	14000.000000	12000.000000	12000.000000	10000.000000	12000.000000	12000.000000	10000.000000	19000.000000	14000.000000	18000.000000	16000.000000	17000.000000	20000.000000	25000.000000	17000.000000	26000.000000	15000.000000	29000.000000	18000.000000	18000.000000	19000.000000	21000.000000	23000.000000	18000.000000	12000.000000	23000.000000	20000.000000	12000.000000	14000.000000	12000.000000	20000.000000	19000.000000	11000.000000	15000.000000	7000.000000	12000.000000	22000.000000	14000.000000	10000.000000	18000.000000	16000.000000	8000.000000	10000.000000	10000.000000
14000.000000	10000.000000	8000.000000	11000.000000	9000.000000	16000.000000	15000.000000	12000.000000	8000.000000	15000.000000	11000.000000	4000.000000	10000.000000	12000.000000	15000.000000	14000.000000	18000.000000	18000.000000	23000.000000	13000.000000	20000.000000	12000.000000	28000.000000	33000.000000	12000.000000	11000.000000	14000.000000	17000.000000	12000.000000	20000.000000	13000.000000	18000.000000	20000.000000	7000.000000	12000.000000	13000.000000	16000.000000	15000.000000	12000.000000	18000.000000	20000.000000	14000.000000	7000.000000	9000.000000	12000.000000	12000.000000	14000.000000	14000.000000	15000.000000	15000.000000
10000.000000	8000.000000	12000.000000	9000.000000	8000.000000	8000.000000	12000.000000	10000.000000	8000.000000	9000.000000	8000.000000	16000.000000	10000.000000	16000.000000	11000.000000	15000.000000	13000.000000	13000.000000	14000.000000	23000.000000	19000.000000	17000.000000	13000.000000	16000.000000	16000.000000	14000.000000	24000.000000	22000.000000	19000.000000	17000.000000	16000.000000	12000.000000	13000.000000	9000.000000	14000.000000	22000.000000	11000.000000	15000.000000	9000.000000	16000.000000	12000.000000	15000.000000	12000.000000	18000.000000	7000.000000	19000.000000	11000.000000	14000.000000	12000.000000	13000.000000
10000.000000	5000.000000	7000.000000	10000.000000	6000.000000	11000.000000	10000.000000	11000.000000	8000.000000	12000.000000	7000.000000	12000.000000	6000.000000	14000.000000	11000.000000	16000.000000	16000.000000	25000.000000	16000.000000	9000.000000	13000.000000	18000.000000	16000.000000	23000.000000	23000.000000	26000.000000	15000.000000	17000.000000	19000.000000	14000.000000	22000.000000	12000.000000	17000.000000	9000.000000	15000.000000	14000.000000	16000.000000	13000.000000	16000.000000	7000.000000	14000.000000	12000.000000	18000.000000	8000.000000	7000.000000	11000.000000	10000.000000	16000.000000	7000.000000	10000.000000
13000.000000	13000.000000	12000.000000	5000.000000	6000.000000	8000.000000	8000.000000	14000.000000	8000.000000	11000.000000	12000.000000	6000.000000	9000.000000	2000.000000	10000.000000	11000.000000	15000.000000	14000.000000	11000.000000	22000.000000	21000.000000	12000.000000	14000.000000	18000.000000	19000.000000	15000.000000	16000.000000	19000.000000	15000.000000	14000.000000	19000.000000	18000.000000	23000.000000	6000.000000	16000.000000	14000.000000	16000.000000	13000.000000	9000.000000	12000.000000	7000.000000	12000.000000	11000.000000	12000.000000	12000.000000	18000.000000	15000.000000	9000.000000	11000.000000	9000.000000
10000.000000	9000.000000	9000.000000	11000.000000	13000.000000	9000.000000	8000.000000	9000.000000	9000.000000	9000.000000	16000.000000	12000.000000	9000.000000	16000.000000	25000.000000	15000.000000	18000.000000	7000.000000	14000.000000	19000.000000	11000.000000	14000.000000	18000.000000	11000.000000	10000.000000	14000.000000	16000.000000	16000.000000	11000.000000	6000.000000	19000.000000	18000.000000	10000.000000	18000.000000	16000.000000	22000.000000	11000.000000	9000.000000	15000.000000	10000.000000	12000.000000	11000.000000	16000.000000	15000.000000	14000.000000	10000.000000	8000.000000	8000.000000	9000.000000	8000.000000
7000.000000	12000.000000	6000.000000	4000.000000	9000.000000	6000.000000	14000.000000	11000.000000	12000.000000	6000.000000	12000.000000	10000.000000	23000.000000	7000.000000	7000.000000	14000.000000	18000.000000	17000.000000	9000.000000	17000.000000	12000.000000	17000.000000	18000.000000	19000.000000	16000.000000	18000.000000	23000.000000	12000.000000	19000.000000	18000.000000	11000.000000	24000.000000	17000.000000	13000.000000	19000.000000	13000.000000	13000.000000	18000.000000	11000.000000	12000.000000	7000.000000	13000.000000	13000.000000	15000.000000	6000.000000	6000.000000	16000.000000	14000.000000	13000.000000	14000.000000
6000.000000	6000.000000	11000.000000	9000.000000	6000.000000	5000.000000	12000.000000	7000.000000	14000.000000	15000.000000	11000.000000	13000.000000	9000.000000	7000.000000	8000.000000	13000.000000	16000.000000	16000.000000	8000.000000	12000.000000	17000.000000	14000.000000	15000.000000	18000.000000	13000.000000	8000.000000	12000.000000	18000.000000	14000.000000	15000.000000	16000.000000	19000.000000	17000.000000	16000.000000	13000.000000	22000.000000	13000.000000	15000.000000	15000.000000	15000.000000	14000.000000	14000.000000	11000.000000	15000.000000	15000.000000	13000.000000	12000.000000	7000.000000	15000.000000	6000.000000
4000.000000	20000.000000	11000.000000	6000.000000	9000.000000	7000.000000	11000.000000	5000.000000	11000.000000	11000.000000	6000.000000	9000.000000	19000.000000	12000.000000	12000.000000	11000.000000	11000.000000	9000.000000	14000.000000	15000.000000	15000.000000	27000.000000	10000.000000	21000.000000	14000.000000	26000.000000	16000.000000	22000.000000	19000.000000	24000.000000	20000.000000	18000.000000	13000.000000	14000.000000	15000.000000	8000.000000	10000.000000	18000.000000	8000.000000	17000.000000	16000.000000	11000.000000	15000.000000	20000.000000	10000.000000	14000.000000	15000.000000	13000.000000	12000.000000	14000.000000
8000.000000	11000.000000	12000.000000	5000.000000	16000.000000	11000.000000	7000.000000	9000.000000	11000.000000	12000.000000	15000.000000	20000.000000	15000.000000	11000.000000	16000.000000	15000.000000	16000.000000	17000.000000	16000.000000	23000.000000	22000.000000	23000.000000	32000.000000	13000.000000	19000.000000	29000.000000	27000.000000	24000.000000	24000.000000	21000.000000	20000.000000	31000.000000	14000.000000	23000.000000	14000.000000	18000.000000	25000.000000	27000.000000	10000.000000	10000.000000	15000.000000	15000.000000	14000.000000	18000.000000	21000.000000	21000.000000	25000.000000	14000.000000	17000.000000	18000.000000
10000.000000	8000.000000	17000.000000	15000.000000	7000.000000	15000.000000	9000.000000	17000.000000	15000.000000	17000.000000	15000.000000	15000.000000	21000.000000	23000.000000	24000.000000	14000.000000	14000.000000	15000.000000	29000.000000	27000.000000	16000.000000	28000.000000	27000.000000	28000.000000	28000.000000	30000.000000	23000.000000	28000.000000	28000.000000	19000.000000	24000.000000	23000.000000	20000.000000	22000.000000	30000.000000	16000.000000	24000.000000	20000.000000	20000.000000	21000.000000	22000.000000	15000.000000	12000.000000	16000.000000	19000.000000	12000.000000	17000.000000	26000.000000	15000.000000	16000.000000
10000.000000	6000.000000	14000.000000	13000.000000	13000.000000	8000.000000	18000.000000	8000.000000	23000.000000	14000.000000	15000.000000	12000.000000	19000.000000	16000.000000	28000.000000	24000.000000	16000.000000	26000.000000	26000.000000	17000.000000	31000.000000	22000.000000	30000.000000	32000.000000	36000.000000	24000.000000	34000.000000	37000.000000	22000.000000	26000.000000	33000.000000	19000.000000	25000.000000	21000.000000	25000.000000	27000.000000	18000.000000	26000.000000	18000.000000	23000.000000	20000.000000	20000.000000	16000.000000	19000.000000	22000.000000	23000.000000	18000.000000	16000.000000	14000.000000	14000.000000
13000.000000	10000.000000	7000.000000	11000.000000	19000.000000	14000.000000	13000.000000	11000.000000	15000.000000	17000.000000	16000.000000	11000.000000	18000.000000	25000.000000	25000.000000	17000.000000	18000.000000	23000.000000	26000.000000	26000.000000	22000.000000	37000.000000	20000.000000	36000.000000	24000.000000	28000.000000	24000.000000	25000.000000	29000.000000	22000.000000	21000.000000	17000.000000	25000.000000	19000.000000	15000.000000	24000.000000	27000.000000	27000.000000	22000.000000	24000.000000	21000.000000	26000.000000	17000.000000	23000.000000	23000.000000	20000.000000	20000.000000	13000.000000	22000.000000	8000.000000
10000.000000	15000.000000	14000.000000	14000.000000	11000.000000	9000.000000	10000.000000	15000.000000	9000.000000	12000.000000	15000.000000	16000.000000	18000.000000	17000.000000	17000.000000	25000.000000	18000.000000	26000.000000	32000.000000	28000.000000	27000.000000	29000.000000	19000.000000	27000.000000	26000.000000	18000.000000	35000.000000	24000.000000	25000.000000	30000.000000	21000.000000	21000.000000	24000.000000	21000.000000	20000.000000	20000.000000	27000.000000	13000.000000	20000.000000	9000.000000	21000.000000	20000.000000	17000.000000	23000.000000	20000.000000	21000.000000	17000.000000	12000.000000	14000.000000	20000.000000
